0.0 0.6080786026200873 0.5567685589519651 0.3056768558951965 0.62117903930131 0.4683406113537118 0.48253275109170307 0.6419213973799127
0.6080786026200873 0.0 0.3089519650655022 0.5655021834061136 0.4781659388646288 0.45633187772925765 0.6277292576419214 0.5556768558951966
0.5567685589519651 0.3089519650655022 0.0 0.4923580786026201 0.32532751091703055 0.3133187772925764 0.6124454148471615 0.4759825327510917
0.3056768558951965 0.5655021834061136 0.4923580786026201 0.0 0.5851528384279476 0.3296943231441048 0.3155021834061135 0.631004366812227
0.62117903930131 0.4781659388646288 0.32532751091703055 0.5851528384279476 0.0 0.48799126637554585 0.6648471615720524 0.3111353711790393
0.4683406113537118 0.45633187772925765 0.3133187772925764 0.3296943231441048 0.48799126637554585 0.0 0.5262008733624454 0.5960698689956332
0.48253275109170307 0.6277292576419214 0.6124454148471615 0.3155021834061135 0.6648471615720524 0.5262008733624454 0.0 0.6648471615720524
0.6419213973799127 0.5556768558951966 0.4759825327510917 0.631004366812227 0.3111353711790393 0.5960698689956332 0.6648471615720524 0.0
